
--- Loading NASA POWER Dataset (20.59, 78.96) ---
Success! NASA POWER Data (First 20 samples):
              T2M  PRECTOTCORR   RH2M
2023-01-01  19.19         0.00  65.87
2023-01-02  18.68         0.00  68.00
2023-01-03  19.01         0.04  70.60
2023-01-04  19.19         1.47  77.17
2023-01-05  18.37         0.01  80.12
2023-01-06  18.52         0.00  73.20
2023-01-07  16.12         0.00  53.72
2023-01-08  14.87         0.00  49.00
2023-01-09  16.59         0.00  50.14
2023-01-10  18.48         0.00  50.29
2023-01-11  19.46         0.00  47.45
2023-01-12  20.07         0.00  45.20
2023-01-13  19.86         0.00  50.40
2023-01-14  20.36         0.00  58.22
2023-01-15  18.89         0.00  60.93
2023-01-16  18.85         0.00  58.25
2023-01-17  20.34         0.00  61.56
2023-01-18  19.63         0.00  61.90
2023-01-19  20.38         0.00  63.90
2023-01-20  21.87         0.00  60.97

--- Loading Open-Meteo Forecast Dataset (20.59, 78.96) ---
Success! Open-Meteo Forecast Data (First 20 samples):
          time  temperature_2m_max  precipitation_sum
0   2026-08-02                32.2                0.6
1   2026-08-03                32.8                0.6
2   2026-08-04                32.4                0.3
3   2026-08-05                32.3                0.1
4   2026-08-06                32.2                0.7
5   2026-08-07                28.8               13.9
6   2026-08-08                29.0               18.5
7   2026-08-09                31.8                2.2
8   2026-08-10                31.6                0.9
9   2026-08-11                31.7                4.2
10  2026-08-12                30.9                1.2
11  2026-08-13                30.6                1.2
12  2026-08-14                28.7                1.2
13  2026-08-15                28.8                0.0
14  2026-08-16                29.0                0.6
15  2026-08-17                28.4                0.0
16  2026-08-18                29.6                1.2
17  2026-08-19                30.3                0.0
18  2026-08-20                30.8                0.6
19  2026-08-21                31.1                2.1

--- Loading SoilGrids Parameters Dataset for 20 locations ---
Success! SoilGrids Parameters Data:
      lat    lon  nitrogen  phh2o
0   20.59  78.96       134     72
1   21.15  79.09       134     72
2   22.57  88.36       134     72
3   28.70  77.10       134     72
4   19.08  72.88       134     72
5   13.08  80.27       134     72
6   12.97  77.59       134     72
7   17.38  78.49       134     72
8   23.02  72.57       134     72
9   26.91  75.79       134     72
10  26.85  80.95       134     72
11  25.59  85.14       134     72
12  21.17  72.83       134     72
13  22.31  73.18       134     72
14  18.52  73.86       134     72
15  28.45  77.03       134     72
16  27.18  78.01       134     72
17  25.32  83.00       134     72
18  30.73  76.78       134     72
19  15.30  74.12       134     72

--- Loading FAOSTAT Historical Yield Dataset ---
Success! FAOSTAT Historical Yield Data (First 20 samples):
   Country   Year   Crop  Area_Harvested_ha  Yield_hg_ha  Production_tonnes
0    India   2018   Rice           44380000        26590          118040000
1    India   2019   Rice           43660000        27050          118120000
2    India   2020   Rice           45070000        27440          124370000
3    India   2018  Wheat           29650000        33710           99870000
4    India   2019  Wheat           29320000        35330          103600000
5    India   2021   Rice           45000000        27000          120000000
6    India   2022   Rice           45000000        27000          120000000
7    India   2023   Rice           45000000        27000          120000000
8    India   2024   Rice           45000000        27000          120000000
9    India   2025   Rice           45000000        27000          120000000
10   India   2026   Rice           45000000        27000          120000000
11   India   2027   Rice           45000000        27000          120000000
12   India   2028   Rice           45000000        27000          120000000
13   India   2029   Rice           45000000        27000          120000000
14   India  20210   Rice           45000000        27000          120000000
15   India  20211   Rice           45000000        27000          120000000
16   India  20212   Rice           45000000        27000          120000000
17   India  20213   Rice           45000000        27000          120000000
18   India  20214   Rice           45000000        27000          120000000
19   India  20215   Rice           45000000        27000          120000000

--- Loading Kaggle Crop Recommendation Dataset ---
Success! Kaggle Crop Recommendation Data (First 20 samples):
     N   P   K  temperature  humidity   ph  rainfall label
0   90  42  43         20.8      82.0  6.5     202.9  rice
1   85  58  41         21.7      80.3  7.0     226.6  rice
2   60  55  44         23.0      82.3  7.8     263.9  rice
3   74  35  40         26.4      80.1  6.9     242.8  rice
4   78  42  42         20.1      81.6  7.6     262.7  rice
5   69  37  42         23.0      83.3  6.9     251.0  rice
6   69  55  38         22.7      82.6  5.7     271.3  rice
7   94  53  40         20.2      82.8  5.7     241.9  rice
8   89  54  38         24.5      83.5  6.4     230.2  rice
9   68  58  38         23.2      83.0  6.3     221.2  rice
10  91  53  40         26.5      81.4  5.3     270.4  rice
11  90  46  42         23.9      81.4  5.9     264.4  rice
12  78  58  44         26.8      80.5  5.9     244.7  rice
13  93  51  35         24.0      82.3  6.3     185.2  rice
14  94  50  37         25.6      80.6  6.9     214.2  rice
15  60  39  36         24.2      81.1  5.5     225.4  rice
16  60  39  36         24.2      81.1  5.5     225.4  rice
17  70  40  40         22.0      80.0  6.0     200.0  rice
18  80  50  45         23.5      82.5  6.5     230.5  rice
19  85  55  42         25.0      81.0  7.0     240.0  rice
